0	0.437
1800	0.329
3600	0.160
5400	0.034
7200	-0.108
9000	-0.200
10800	-0.247
12600	-0.283
14400	-0.301
16200	-0.308
18000	-0.249
19800	-0.171
21600	-0.035
23400	0.047
25200	0.246
27000	0.349
28800	0.515
30600	0.656
32400	0.728
34200	0.839
36000	0.860
37800	0.886
39600	0.871
41400	0.840
43200	0.736
45000	0.656
46800	0.570
48600	0.459
50400	0.348
52200	0.179
54000	0.100
55800	-0.029
57600	-0.017
59400	-0.071
61200	-0.086
63000	-0.047
64800	-0.021
66600	0.051
68400	0.175
70200	0.289
72000	0.411
73800	0.550
75600	0.687
77400	0.731
79200	0.823
81000	0.916
82800	0.936
84600	0.849
86400	0.882
88200	0.822
90000	0.723
91800	0.526
93600	0.509
95400	0.453
97200	0.378
99000	0.228
100800	0.184
102600	0.202
104400	0.264
106200	0.249
108000	0.414
109800	0.454
111600	0.534
113400	0.620
115200	0.836
117000	0.994
118800	1.065
120600	1.212
122400	1.257
124200	1.349
126000	1.327
127800	1.377
129600	1.369
131400	1.307
133200	1.165
135000	1.109
136800	0.990
138600	0.922
140400	0.745
142200	0.764
144000	0.600
145800	0.536
147600	0.427
149400	0.530
151200	0.473
153000	0.575
154800	0.632
156600	0.667
158400	0.745
160200	0.880
162000	1.000
163800	1.097
165600	1.215
167400	1.222
169200	1.229
171000	1.279
172800	1.229
174600	1.162
176400	1.161
178200	1.060
180000	0.936
181800	0.863
183600	0.745
185400	0.693
187200	0.579
189000	0.574
190800	0.636
192600	0.611
194400	0.537
196200	0.670
198000	0.801
199800	0.793
201600	1.004
203400	1.142
